864,2.52
137,2.30
978,3.75
243,3.17
241,2.31
637,2.50
812,3.0
331,2.52
232,2.50
474,3.37
585,2.15
463,3.76
485,2.23
265,2.28
109,3.11
988,2.52
370,2.23
534,2.82
185,1.85
693,2.26
927,3.57
168,2.65
981,3.86
947,2.62
729,2.52
386,2.74
765,2.90
664,2.80
115,3.45
561,2.18
552,2.95
12,2.54
79,2.82
584,1.97
541,2.47
336,1.70
698,3.34
654,2.71
214,2.71
469,2.72
390,2.20
39,2.27
418,2.53
278,2.60
909,2.44
360,1.87
68,2.90
509,2.94
249,3.68
274,1.68
631,3.17
935,1.90
92,1.84
989,2.72
43,2.73
594,2.61
229,1.76
315,2.40
506,2.62
950,3.1
455,2.83
487,1.85
424,2.27
72,2.41
76,1.91
759,3.27
700,2.3
931,1.84
75,3.54
286,1.100
880,3.33
461,3.30
379,2.50
818,2.18
834,2.84
148,2.57
518,3.46
508,3.71
749,2.74
204,3.57
810,3.53
149,3.7
407,2.75
83,3.51
208,3.52
85,3.5
431,2.73
934,3.42
559,2.0
778,2.80
199,3.4
364,3.1
413,2.54
595,3.72
151,3.27
731,3.24
982,2.40
899,2.67
727,3.84
252,3.12
133,3.37
956,2.53
847,2.92
492,2.75
31,2.63
246,2.90
917,1.92
841,3.12
245,2.0
728,2.85
948,2.44
527,2.12
89,2.30
522,2.8
53,2.23
983,2.26
921,2.94
586,2.80
45,3.17
962,3.72
600,3.27
532,2.62
323,2.53
422,1.93
505,2.27
495,2.84
685,2.23
589,2.63
74,2.31
198,2.52
1,2.77
790,3.78
529,3.52
596,2.81
928,2.15
459,2.23
891,3.48
136,1.90
619,3.18
843,2.94
723,2.58
774,2.21
502,1.90
499,2.60
626,2.80
403,1.98
125,2.83
530,2.6
54,3.15
554,2.94
97,3.44
17,1.70
183,3.30
234,3.16
763,1.83
261,3.30
806,2.60
800,3.44
823,1.67
454,2.14
30,2.67
991,2.10
971,1.84
923,2.97
147,2.45
462,2.45
110,1.78
282,2.5
350,2.73
359,3.64
808,3.34
777,3.26
382,3.1
575,2.73
609,2.75
352,3.45
46,2.70
782,2.91
406,3.75
444,2.78
8,1.75
285,3.27
570,3.23
393,1.55
578,2.76
405,3.0
155,2.58
879,2.7
307,2.1
714,2.46
251,2.62
797,1.81
340,2.46
65,2.88
716,3.85
408,3.50
941,2.48
721,2.73
875,1.60
287,2.1
355,3.40
689,2.50
814,2.50
121,2.3
884,3.11
704,2.91
343,1.62
916,2.18
968,3.47
128,2.51
949,1.70
856,2.60
277,2.67
396,2.56
795,3.13
551,2.91
383,2.82
56,2.37
500,2.33
324,2.60
669,3.75
40,2.60
215,1.73
443,2.35
320,3.48
636,2.92
828,2.54
202,1.60
773,3.82
867,2.0
488,2.46
196,2.67
381,1.72
420,2.86
317,2.68
20,2.32
687,2.23
742,2.57
33,3.2
503,1.73
569,1.71
957,3.74
869,3.47
555,2.20
674,3.20
786,1.91
489,2.75
180,1.63
882,3.66
538,2.60
210,3.10
372,3.40
612,2.46
32,2.35
186,3.32
440,2.88
653,2.84
191,1.91
64,2.30
564,2.17
840,2.84
665,1.83
201,2.92
419,3.7
27,3.46
473,1.82
715,3.22
182,3.73
456,2.84
894,2.64
750,3.83
604,1.98
563,3.13
106,2.76
883,1.70
657,2.41
849,3.17
973,3.12
855,3.42
254,2.87
568,2.32
946,2.17
6,3.52
206,3.8
112,3.21
144,3.56
409,2.93
123,2.51
192,2.81
385,2.52
789,2.26
573,2.3
358,3.7
893,2.35
911,2.47
878,3.28
99,1.77
219,2.4
162,1.82
188,2.50
783,2.70
95,2.83
785,2.88
799,1.98
802,1.62
692,2.26
70,2.80
35,2.90
898,2.83
788,2.48
127,3.45
318,3.4
120,3.35
34,2.65
339,2.35
239,2.48
688,3.42
23,2.28
944,1.88
490,3.13
58,2.22
528,3.56
659,3.70
450,2.6
822,2.50
684,3.17
580,3.7
504,1.98
630,2.71
244,2.17
51,2.83
952,2.61
36,1.94
255,3.44
44,2.84
817,3.23
845,3.28
150,3.0
221,2.1
294,3.76
432,3.76
793,2.41
259,2.63
953,3.6
330,2.74
639,3.55
26,3.26
670,3.11
395,3.0
429,1.77
167,2.75
608,3.80
990,2.28
597,3.20
203,2.88
391,2.18
543,2.26
213,2.97
375,2.60
316,2.91
195,2.45
98,2.80
41,3.5
349,2.50
242,2.56
310,2.45
766,2.70
769,2.0
305,3.27
737,2.34
606,3.7
920,1.68
258,2.77
209,2.94
271,3.57
42,3.40
694,2.51
905,1.93
344,2.91
71,1.67
997,1.71
987,2.37
939,2.50
402,3.0
533,3.10
542,2.86
143,1.91
176,2.87
838,3.80
114,2.84
961,2.94
922,3.43
507,3.60
824,3.11
918,2.18
641,3.6
747,2.70
268,3.7
493,2.85
116,2.0
816,3.6
517,2.48
175,1.92
153,2.20
775,3.54
701,3.32
111,2.36
19,3.62
16,2.67
366,2.36
831,2.64
617,2.67
13,1.70
102,1.54
78,2.10
1000,3.30
230,2.34
846,2.94
157,2.75
761,2.2
744,2.26
303,2.3
627,2.96
367,1.96
863,3.18
681,3.22
220,3.14
14,2.25
977,1.63
859,2.75
524,3.22
21,3.45
483,1.61
197,2.81
705,2.34
25,2.25
15,3.8
779,3.17
753,2.50
815,2.80
145,2.35
104,1.74
634,3.75
156,2.24
967,2.8
712,3.41
312,3.2
401,2.44
781,2.28
536,2.86
550,3.87
63,1.77
755,2.25
913,3.35
945,2.30
103,1.93
871,3.66
724,2.60
963,2.22
410,2.93
752,3.80
134,3.25
645,3.25
556,2.44
283,2.60
236,2.51
709,2.76
470,3.51
521,3.87
228,2.65
321,3.18
302,2.76
193,3.84
374,3.52
951,2.18
55,2.34
466,1.93
811,2.26
130,2.60
353,2.43
646,2.13
18,2.72
676,2.18
497,3.8
926,3.23
757,3.80
675,2.100
839,2.1
649,1.83
804,3.36
467,3.85
105,2.98
309,3.7
821,3.4
415,1.82
211,2.96
644,1.72
936,3.22
423,3.30
397,3.10
304,3.61
825,3.23
623,1.94
334,3.1
719,2.75
171,3.68
140,2.95
170,3.85
861,3.48
798,2.21
546,3.31
389,3.30
629,2.80
298,3.13
399,3.17
791,1.83
525,1.74
266,3.47
625,3.32
896,3.41
87,2.81
269,2.80
940,1.65
718,2.48
739,1.72
678,2.36
426,3.86
696,2.42
435,3.58
2,3.0
872,1.95
588,3.53
226,3.62
425,2.33
225,3.31
433,2.82
73,2.0
771,3.46
60,2.92
984,3.16
635,1.61
912,3.26
11,2.64
996,2.51
107,2.93
308,1.58
576,2.94
218,2.17
562,3.6
827,2.50
313,2.77
691,2.6
574,2.67
925,3.6
421,2.25
376,3.43
373,2.70
93,2.0
615,1.90
164,3.10
481,2.91
583,3.21
660,3.55
276,3.18
566,3.55
365,3.65
108,2.54
161,2.43
417,1.60
520,3.3
633,3.57
212,3.87
591,3.23
897,1.72
57,2.31
398,3.72
860,2.67
3,3.25
842,3.5
593,2.57
832,3.4
414,2.31
938,3.48
222,3.51
986,2.78
141,1.90
874,2.68
411,1.91
250,2.68
356,2.97
560,3.61
531,1.98
515,2.88
734,1.60
820,2.94
851,3.27
377,2.65
81,2.64
49,3.73
650,2.22
231,3.47
453,2.80
663,1.62
48,3.56
428,1.87
830,1.88
959,3.13
441,3.23
279,3.20
662,1.63
638,3.11
468,2.53
96,1.60
59,2.30
177,2.67
620,2.35
930,2.43
661,2.61
974,2.87
472,2.17
158,2.85
549,1.90
404,2.10
445,2.41
217,2.4
117,3.26
4,2.13
680,2.58
699,2.54
486,2.2
656,3.52
235,2.80
387,3.23
850,2.27
924,3.80
605,1.93
479,2.1
437,2.33
516,1.80
338,2.10
545,3.74
975,2.31
888,1.76
999,2.4
62,3.87
937,2.67
476,2.68
0,3.27
